10
0 197 255 1061109567 1061109567 1061109567 1061109567 1061109567 1061109567 1061109567 
197 0 155 1061109567 1061109567 1061109567 1061109567 1061109567 1061109567 1061109567 
255 155 0 320 1061109567 1061109567 1061109567 247 1061109567 1061109567 
1061109567 1061109567 320 0 305 1061109567 1061109567 1061109567 1061109567 1061109567 
1061109567 1061109567 1061109567 305 0 229 1061109567 1061109567 1061109567 1061109567 
1061109567 1061109567 1061109567 1061109567 229 0 150 1061109567 1061109567 1061109567 
1061109567 1061109567 1061109567 1061109567 1061109567 150 0 1061109567 1061109567 1061109567 
1061109567 1061109567 247 1061109567 1061109567 1061109567 1061109567 0 236 1061109567 
1061109567 1061109567 1061109567 1061109567 1061109567 1061109567 1061109567 236 0 187 
1061109567 1061109567 1061109567 1061109567 1061109567 1061109567 1061109567 1061109567 187 0 
